00000000000101000
00000000001001111
00000000001110100
00000000010010110
00000000010110101
00000000011001111
00000000011100100
00000000011110011
00000000011111100
00000000100000000
00000000011111100
00000000011110011
00000000011100100
00000000011001111
00000000010110101
00000000010010110
00000000001110100
00000000001001111
00000000000101000
11111111111111111
11111111111010111
11111111110110000
11111111110001011
11111111101101001
11111111101001010
11111111100110000
11111111100011011
11111111100001100
11111111100000011
11111111100000000
11111111100000011
11111111100001100
11111111100011011
11111111100110000
11111111101001010
11111111101101001
11111111110001011
11111111110110000
11111111111010111
00000000000000000
00000000000101000
00000000001001111
00000000001110100
00000000010010110
00000000010110101
00000000011001111
00000000011100100
00000000011110011
00000000011111100
00000000100000000
00000000011111100
00000000011110011
00000000011100100
00000000011001111
00000000010110101
00000000010010110
00000000001110100
00000000001001111
00000000000101000
00000000000000000
11111111111010111
11111111110110000
11111111110001011
11111111101101001
11111111101001010
11111111100110000
11111111100011011
11111111100001100
11111111100000011
11111111100000000
11111111100000011
11111111100001100
11111111100011011
11111111100110000
11111111101001010
11111111101101001
11111111110001011
11111111110110000
11111111111010111
00000000000000000
00000000000101000
00000000001001111
00000000001110100
00000000010010110
00000000010110101
00000000011001111
00000000011100100
00000000011110011
00000000011111100
00000000100000000
00000000011111100
00000000011110011
00000000011100100
00000000011001111
00000000010110101
00000000010010110
00000000001110100
00000000001001111
00000000000101000
00000000000000000
11111111111010111
11111111110110000
11111111110001011
11111111101101001
11111111101001010
11111111100110000
11111111100011011
11111111100001100
11111111100000011
11111111100000000
11111111100000011
11111111100001100
11111111100011011
11111111100110000
11111111101001010
11111111101101001
11111111110001011
11111111110110000
11111111111010111
11111111111111111
00000000000101000
00000000001001111
00000000001110100
00000000010010110
00000000010110101
00000000011001111
00000000011100100
00000000011110011
00000000011111100
00000000100000000
00000000011111100
00000000011110011
00000000011100100
00000000011001111
00000000010110101
00000000010010110
00000000001110100
00000000001001111
00000000000101000
11111111111111111
11111111111010111
11111111110110000
11111111110001011
11111111101101001
11111111101001010
11111111100110000
11111111100011011
11111111100001100
11111111100000011
11111111100000000
11111111100000011
11111111100001100
11111111100011011
11111111100110000
11111111101001010
11111111101101001
11111111110001011
11111111110110000
11111111111010111
00000000000000000
00000000000101000
00000000001001111
00000000001110100
00000000010010110
00000000010110101
00000000011001111
00000000011100100
00000000011110011
00000000011111100
00000000100000000
00000000011111100
00000000011110011
00000000011100100
00000000011001111
00000000010110101
00000000010010110
00000000001110100
00000000001001111
00000000000101000
00000000000000000
11111111111010111
11111111110110000
11111111110001011
11111111101101001
11111111101001010
11111111100110000
11111111100011011
11111111100001100
11111111100000011
11111111100000000
11111111100000011
11111111100001100
11111111100011011
11111111100110000
11111111101001010
11111111101101001
11111111110001011
11111111110110000
11111111111010111
11111111111111111
00000000000101000
00000000001001111
00000000001110100
00000000010010110
00000000010110101
00000000011001111
00000000011100100
00000000011110011
00000000011111100
00000000100000000
00000000011111100
00000000011110011
00000000011100100
00000000011001111
00000000010110101
00000000010010110
00000000001110100
00000000001001111
00000000000101000
11111111111111111
11111111111010111
11111111110110000
11111111110001011
11111111101101001
11111111101001010
11111111100110000
11111111100011011
11111111100001100
11111111100000011
11111111100000000
11111111100000011
11111111100001100
11111111100011011
11111111100110000
11111111101001010
11111111101101001
11111111110001011
11111111110110000
11111111111010111
11111111111111111
00000000000101000
00000000001001111
00000000001110100
00000000010010110
00000000010110101
00000000011001111
00000000011100100
00000000011110011
00000000011111100
00000000100000000
00000000011111100
00000000011110011
00000000011100100
00000000011001111
00000000010110101
00000000010010110
00000000011000110
00000000101111100
00000001000010010
00000001001111101
00000001010110101
00000001010110110
00000001010000010
00000001000100000
00000000110011011
00000000011111111
00000000001011110
11111111111000110
11111111101000101
11111111011101000
11111111010110101
11111111010101111
11111111011010110
11111111100100010
11111111110001001
00000000000000000
00000000001110110
00000000011011101
00000000100101001
00000000101010000
00000000101001010
00000000100010111
00000000010111010
00000000000111001
11111111110100001
11111111100000000
11111111001100100
11111110111011111
11111110101111101
11111110101001001
11111110101001010
11111110110000010
11111110111101101
11111111010000011
11111111100111001
00000000000000000
00000000011000110
00000000101111100
00000001000010010
00000001001111101
00000001010110101
00000001010110110
00000001010000010
00000001000100000
00000000110011011
00000000100000000
00000000001011110
11111111111000110
11111111101000101
11111111011101000
11111111010110101
11111111010101111
11111111011010110
11111111100100010
11111111110001001
11111111111111111
00000000001110110
00000000011011101
00000000100101001
00000000101010000
00000000101001010
00000000100010111
00000000010111010
00000000000111001
11111111110100001
11111111011111111
11111111001100100
11111110111011111
11111110101111101
11111110101001001
11111110101001010
11111110110000010
11111110111101101
11111111010000011
11111111100111001
00000000000000000
00000000011000110
00000000101111100
00000001000010010
00000001001111101
00000001010110101
00000001010110110
00000001010000010
00000001000100000
00000000110011011
00000000100000000
00000000001011110
11111111111000110
11111111101000101
11111111011101000
11111111010110101
11111111010101111
11111111011010110
11111111100100010
11111111110001001
11111111111111111
00000000001110110
00000000011011101
00000000100101001
00000000101010000
00000000101001010
00000000100010111
00000000010111010
00000000000111001
11111111110100001
11111111011111111
11111111001100100
11111110111011111
11111110101111101
11111110101001001
11111110101001010
11111110110000010
11111110111101101
11111111010000011
11111111100111001
11111111111111111
00000000011000110
00000000101111100
00000001000010010
00000001001111101
00000001010110101
00000001010110110
00000001010000010
00000001000100000
00000000110011011
00000000011111111
00000000001011110
11111111111000110
11111111101000101
11111111011101000
11111111010110101
11111111010101111
11111111011010110
11111111100100010
11111111110001001
00000000000000000
00000000001110110
00000000011011101
00000000100101001
00000000101010000
00000000101001010
00000000100010111
00000000010111010
00000000000111001
11111111110100001
11111111011111111
11111111001100100
11111110111011111
11111110101111101
11111110101001001
11111110101001010
11111110110000010
11111110111101101
11111111010000011
11111111100111001
00000000000000000
00000000011000110
00000000101111100
00000001000010010
00000001001111101
00000001010110101
00000001010110110
00000001010000010
00000001000100000
00000000110011011
00000000100000000
00000000001011110
11111111111000110
11111111101000101
11111111011101000
11111111010110101
11111111010101111
11111111011010110
11111111100100010
11111111110001001
11111111111111111
00000000001110110
00000000011011101
00000000100101001
00000000101010000
00000000101001010
00000000100010111
00000000010111010
00000000000111001
11111111110100001
11111111011111111
11111111001100100
11111110111011111
11111110101111101
11111110101001001
11111110101001010
11111110110000010
11111110111101101
11111111010000011
11111111100111001
11111111111111111
00000000011000110
00000000101111100
00000001000010010
00000001001111101
00000001010110101
00000001010110110
00000001010000010
00000001000100000
00000000110011011
00000000011111111
00000000001011110
11111111111000110
11111111101000101
11111111011101000
11111111010110101
11111111010101111
11111111011010110
11111111100100010
11111111110001001
00000000000000000
00000000001110110
00000000011011101
00000000100101001
00000000101010000
00000000101001010
00000000100010111
00000000010111010
00000000000111001
11111111110100001
11111111100000000
11111111001100100
11111110111011111
11111110101111101
11111110101001001
11111110101001010
11111110110000010
11111110111101101
11111111010000011
11111111100111001
11111111111111111
00000000011000110
00000000101111100
00000001000010010
00000001001111101
00000001010110101
00000001010110110
00000001010000010
00000001000100000
00000000110011011
00000000011111111
00000000001011110
11111111111000110
11111111101000101
11111111011101000
11111111010110101
11111111010101111
00000000100000000
00000000111100011
00000001010010000
00000001011110111
00000001100001111
00000001011011101
00000001001101110
00000000111010101
00000000100101001
00000000001111111
11111111111101100
11111111101111011
11111111100110001
11111111100001111
11111111100001111
11111111100101001
11111111101010100
11111111110001001
11111111111000011
00000000000000000
00000000000111100
00000000001110110
00000000010101011
00000000011010110
00000000011110000
00000000011110000
00000000011001110
00000000010000100
00000000000010011
11111111110000000
11111111011010110
11111111000101010
11111110110010001
11111110100100010
11111110011110000
11111110100001000
11111110101101111
11111111000011100
11111111011111111
00000000000000000
00000000100000000
00000000111100011
00000001010010000
00000001011110111
00000001100001111
00000001011011101
00000001001101110
00000000111010101
00000000100101001
00000000010000000
11111111111101100
11111111101111011
11111111100110001
11111111100001111
11111111100001111
11111111100101001
11111111101010100
11111111110001001
11111111111000011
00000000000000000
00000000000111100
00000000001110110
00000000010101011
00000000011010110
00000000011110000
00000000011110000
00000000011001110
00000000010000100
00000000000010011
11111111101111111
11111111011010110
11111111000101010
11111110110010001
11111110100100010
11111110011110000
11111110100001000
11111110101101111
11111111000011100
11111111011111111
00000000000000000
00000000100000000
00000000111100011
00000001010010000
00000001011110111
00000001100001111
00000001011011101
00000001001101110
00000000111010101
00000000100101001
00000000010000000
11111111111101100
11111111101111011
11111111100110001
11111111100001111
11111111100001111
11111111100101001
11111111101010100
11111111110001001
11111111111000011
11111111111111111
00000000000111100
00000000001110110
00000000010101011
00000000011010110
00000000011110000
00000000011110000
00000000011001110
00000000010000100
00000000000010011
11111111101111111
11111111011010110
11111111000101010
11111110110010001
11111110100100010
11111110011110000
11111110100001000
11111110101101111
11111111000011100
11111111011111111
11111111111111111
00000000100000000
00000000111100011
00000001010010000
00000001011110111
00000001100001111
00000001011011101
00000001001101110
00000000111010101
00000000100101001
00000000001111111
11111111111101100
11111111101111011
11111111100110001
11111111100001111
11111111100001111
11111111100101001
11111111101010100
11111111110001001
11111111111000011
00000000000000000
00000000000111100
00000000001110110
00000000010101011
00000000011010110
00000000011110000
00000000011110000
00000000011001110
00000000010000100
00000000000010011
11111111101111111
11111111011010110
11111111000101010
11111110110010001
11111110100100010
11111110011110000
11111110100001000
11111110101101111
11111111000011100
11111111011111111
00000000000000000
00000000100000000
00000000111100011
00000001010010000
00000001011110111
00000001100001111
00000001011011101
00000001001101110
00000000111010101
00000000100101001
00000000010000000
11111111111101100
11111111101111011
11111111100110001
11111111100001111
11111111100001111
11111111100101001
11111111101010100
11111111110001001
11111111111000011
00000000000000000
00000000000111100
00000000001110110
00000000010101011
00000000011010110
00000000011110000
00000000011110000
00000000011001110
00000000010000100
00000000000010011
11111111101111111
11111111011010110
11111111000101010
11111110110010001
11111110100100010
11111110011110000
11111110100001000
11111110101101111
11111111000011100
11111111011111111
11111111111111111
00000000100000000
00000000111100011
00000001010010000
00000001011110111
00000001100001111
00000001011011101
00000001001101110
00000000111010101
00000000100101001
00000000001111111
11111111111101100
11111111101111011
11111111100110001
11111111100001111
11111111100001111
11111111100101001
11111111101010100
11111111110001001
11111111111000011
00000000000000000
00000000000111100
00000000001110110
00000000010101011
00000000011010110
00000000011110000
00000000011110000
00000000011001110
00000000010000100
00000000000010011
11111111110000000
11111111011010110
11111111000101010
11111110110010001
11111110100100010
11111110011110000
11111110100001000
11111110101101111
11111111000011100
11111111011111111
11111111111111111
00000000100000000
00000000111100011
00000001010010000
00000001011110111
00000001100001111
00000001011011101
00000001001101110
00000000111010101
00000000100101001
00000000001111111
11111111111101100
11111111101111011
11111111100110001
11111111100001111
11111111100001111
11111111100101001
00000000110010110
00000001011010111
00000001110000100
00000001110001101
00000001100001111
00000001001000111
00000000101111010
00000000011100001
00000000010010010
00000000010000000
00000000010000011
00000000001101110
00000000000100101
11111111110100110
11111111100001111
11111111010010010
11111111001100000
11111111010010110
11111111100101101
00000000000000000
00000000011010010
00000000101101001
00000000110011111
00000000101101101
00000000011110000
00000000001011001
11111111111011010
11111111110010001
11111111101111100
11111111110000000
11111111101101101
11111111100011110
11111111010000101
11111110110111000
11111110011110000
11111110001110010
11111110001111011
11111110100101000
11111111001101001
00000000000000000
00000000110010110
00000001011010111
00000001110000100
00000001110001101
00000001100001111
00000001001000111
00000000101111010
00000000011100001
00000000010010010
00000000010000000
00000000010000011
00000000001101110
00000000000100101
11111111110100110
11111111100001111
11111111010010010
11111111001100000
11111111010010110
11111111100101101
11111111111111111
00000000011010010
00000000101101001
00000000110011111
00000000101101101
00000000011110000
00000000001011001
11111111111011010
11111111110010001
11111111101111100
11111111110000000
11111111101101101
11111111100011110
11111111010000101
11111110110111000
11111110011110000
11111110001110010
11111110001111011
11111110100101000
11111111001101001
00000000000000000
00000000110010110
00000001011010111
00000001110000100
00000001110001101
00000001100001111
00000001001000111
00000000101111010
00000000011100001
00000000010010010
00000000010000000
00000000010000011
00000000001101110
00000000000100101
11111111110100110
11111111100001111
11111111010010010
11111111001100000
11111111010010110
11111111100101101
11111111111111111
00000000011010010
00000000101101001
00000000110011111
00000000101101101
00000000011110000
00000000001011001
11111111111011010
11111111110010001
11111111101111100
11111111110000000
11111111101101101
11111111100011110
11111111010000101
11111110110111000
11111110011110000
11111110001110010
11111110001111011
11111110100101000
11111111001101001
11111111111111111
00000000110010110
00000001011010111
00000001110000100
00000001110001101
00000001100001111
00000001001000111
00000000101111010
00000000011100001
00000000010010010
00000000010000000
00000000010000011
00000000001101110
00000000000100101
11111111110100110
11111111100001111
11111111010010010
11111111001100000
11111111010010110
11111111100101101
00000000000000000
00000000011010010
00000000101101001
00000000110011111
00000000101101101
00000000011110000
00000000001011001
11111111111011010
11111111110010001
11111111101111100
11111111110000000
11111111101101101
11111111100011110
11111111010000101
11111110110111000
11111110011110000
11111110001110010
11111110001111011
11111110100101000
11111111001101001
00000000000000000
00000000110010110
00000001011010111
00000001110000100
00000001110001101
00000001100001111
00000001001000111
00000000101111010
00000000011100001
00000000010010010
00000000010000000
00000000010000011
00000000001101110
00000000000100101
11111111110100110
11111111100001111
11111111010010010
11111111001100000
11111111010010110
11111111100101101
11111111111111111
00000000011010010
00000000101101001
00000000110011111
00000000101101101
00000000011110000
00000000001011001
11111111111011010
11111111110010001
11111111101111100
11111111110000000
11111111101101101
11111111100011110
11111111010000101
11111110110111000
11111110011110000
11111110001110010
11111110001111011
11111110100101000
11111111001101001
11111111111111111
00000000110010110
00000001011010111
00000001110000100
00000001110001101
00000001100001111
00000001001000111
00000000101111010
00000000011100001
00000000010010010
00000000001111111
00000000010000011
00000000001101110
00000000000100101
11111111110100110
11111111100001111
11111111010010010
11111111001100000
11111111010010110
11111111100101101
00000000000000000
00000000011010010
00000000101101001
00000000110011111
00000000101101101
00000000011110000
00000000001011001
11111111111011010
11111111110010001
11111111101111100
11111111110000000
11111111101101101
11111111100011110
11111111010000101
11111110110111000
11111110011110000
11111110001110010
11111110001111011
11111110100101000
11111111001101001
11111111111111111
00000000110010110
00000001011010111
00000001110000100
00000001110001101
00000001100001111
00000001001000111
00000000101111010
00000000011100001
00000000010010010
00000000010000000
00000000010000011
00000000001101110
00000000000100101
11111111110100110
11111111100001111
11111111010010010
