0 011111111111111111111 000000000000000000000
1 011111111111011000011 111111001101101111011
2 011111111101100010000 111110011011100000101
3 011111111010011100110 111101101001010101110
4 011111110110001000110 111100110111010000110
5 011111110000100110001 111100000101010011011
6 011111101001110101010 111011010011011111110
7 011111100001110110010 111010100001110111110
8 011111011000101001011 111001110000011101001
9 011111001110001111001 111000111111010010000
10 011111000010100111111 111000001110011000001
11 011110110101110011111 110111011101110001100
12 011110100111110100000 110110101101011111111
13 011110011000101000100 110101111101100101001
14 011110001000010010000 110101001110000011010
15 011101110110110001001 110100011110111011111
16 011101100100000110101 110011110000010001000
17 011101010000010011001 110011000010000100010
18 011100111011010111101 110010010100010111100
19 011100100101010100101 110001100111001100101
20 011100001110001011001 110000111010100101001
21 011011110101111011111 110000001110100010111
22 011011011100101000001 101111100011000111101
23 011011000010010000100 101110111000010100111
24 011010100110110110010 101110001110001100011
25 011010001010011010011 101101100100101111110
26 011001101100111101111 101100111100000000101
27 011001001110100010000 101100010100000000100
28 011000101111000111111 101011101100110000111
29 011000001110110000110 101011000110010011011
30 010111101101011101111 101010100000101001100
31 010111001011010000011 101001111011110100101
32 010110101000001001110 101001010111110110010
33 010110000100001011011 101000110100101111101
34 010101011111010110100 101000010010100010001
35 010100111001101100101 100111110001001111010
36 010100010011001111001 100111010000111000001
37 010011101011111111100 100110110001011110000
38 010011000011111111011 100110010011000010001
39 010010011011010000010 100101110101100101101
40 010001110001110011101 100101011001001001110
41 010001000111101011001 100100111101101111100
42 010000011100111000011 100100100011010111111
43 001111110001011101001 100100001010000100001
44 001111000101011010111 100011110001110100111
45 001110011000110011011 100011011010101011011
46 001101101011101000100 100011000100101000011
47 001100111101111011110 100010101111101100111
48 001100001111101111000 100010011011111001011
49 001011100001000100001 100010001001001110111
50 001010110001111100110 100001110111101110000
51 001010000010011010111 100001100111010111100
52 001001010010100000001 100001011000001100000
53 001000100010001110100 100001001010001100001
54 000111110001100111111 100000111101011000001
55 000111000000101110000 100000110001110000111
56 000110001111100010111 100000100111010110101
57 000101011110001000010 100000011110001001110
58 000100101100100000010 100000010110001010110
59 000011111010101100101 100000001111011001111
60 000011001000101111010 100000001001110111010
61 000010010110101010010 100000000101100011010
62 000001100100011111011 100000000010011110000
63 000000110010010000101 100000000000100111101
64 000000000000000000000 100000000000000000001
65 111111001101101111011 100000000000100111101
66 111110011011100000101 100000000010011110000
67 111101101001010101110 100000000101100011010
68 111100110111010000110 100000001001110111010
69 111100000101010011011 100000001111011001111
70 111011010011011111110 100000010110001010110
71 111010100001110111110 100000011110001001110
72 111001110000011101001 100000100111010110101
73 111000111111010010000 100000110001110000111
74 111000001110011000001 100000111101011000001
75 110111011101110001100 100001001010001100001
76 110110101101011111111 100001011000001100000
77 110101111101100101001 100001100111010111100
78 110101001110000011010 100001110111101110000
79 110100011110111011111 100010001001001110111
80 110011110000010001000 100010011011111001011
81 110011000010000100010 100010101111101100111
82 110010010100010111100 100011000100101000011
83 110001100111001100101 100011011010101011011
84 110000111010100101001 100011110001110100111
85 110000001110100010111 100100001010000100001
86 101111100011000111101 100100100011010111111
87 101110111000010100111 100100111101101111100
88 101110001110001100011 100101011001001001110
89 101101100100101111110 100101110101100101101
90 101100111100000000101 100110010011000010001
91 101100010100000000100 100110110001011110000
92 101011101100110000111 100111010000111000001
93 101011000110010011011 100111110001001111010
94 101010100000101001100 101000010010100010001
95 101001111011110100101 101000110100101111101
96 101001010111110110010 101001010111110110010
97 101000110100101111101 101001111011110100101
98 101000010010100010001 101010100000101001100
99 100111110001001111010 101011000110010011011
100 100111010000111000001 101011101100110000111
101 100110110001011110000 101100010100000000100
102 100110010011000010001 101100111100000000101
103 100101110101100101101 101101100100101111110
104 100101011001001001110 101110001110001100011
105 100100111101101111100 101110111000010100111
106 100100100011010111111 101111100011000111101
107 100100001010000100001 110000001110100010111
108 100011110001110100111 110000111010100101001
109 100011011010101011011 110001100111001100101
110 100011000100101000011 110010010100010111100
111 100010101111101100111 110011000010000100010
112 100010011011111001011 110011110000010001000
113 100010001001001110111 110100011110111011111
114 100001110111101110000 110101001110000011010
115 100001100111010111100 110101111101100101001
116 100001011000001100000 110110101101011111111
117 100001001010001100001 110111011101110001100
118 100000111101011000001 111000001110011000001
119 100000110001110000111 111000111111010010000
120 100000100111010110101 111001110000011101001
121 100000011110001001110 111010100001110111110
122 100000010110001010110 111011010011011111110
123 100000001111011001111 111100000101010011011
124 100000001001110111010 111100110111010000110
125 100000000101100011010 111101101001010101110
126 100000000010011110000 111110011011100000101
127 100000000000100111101 111111001101101111011
128 100000000000000000001 000000000000000000000
129 100000000000100111101 000000110010010000101
130 100000000010011110000 000001100100011111011
131 100000000101100011010 000010010110101010010
132 100000001001110111010 000011001000101111010
133 100000001111011001111 000011111010101100101
134 100000010110001010110 000100101100100000010
135 100000011110001001110 000101011110001000010
136 100000100111010110101 000110001111100010111
137 100000110001110000111 000111000000101110000
138 100000111101011000001 000111110001100111111
139 100001001010001100001 001000100010001110100
140 100001011000001100000 001001010010100000001
141 100001100111010111100 001010000010011010111
142 100001110111101110000 001010110001111100110
143 100010001001001110111 001011100001000100001
144 100010011011111001011 001100001111101111000
145 100010101111101100111 001100111101111011110
146 100011000100101000011 001101101011101000100
147 100011011010101011011 001110011000110011011
148 100011110001110100111 001111000101011010111
149 100100001010000100001 001111110001011101001
150 100100100011010111111 010000011100111000011
151 100100111101101111100 010001000111101011001
152 100101011001001001110 010001110001110011101
153 100101110101100101101 010010011011010000010
154 100110010011000010001 010011000011111111011
155 100110110001011110000 010011101011111111100
156 100111010000111000001 010100010011001111001
157 100111110001001111010 010100111001101100101
158 101000010010100010001 010101011111010110100
159 101000110100101111101 010110000100001011011
160 101001010111110110010 010110101000001001110
161 101001111011110100101 010111001011010000011
162 101010100000101001100 010111101101011101111
163 101011000110010011011 011000001110110000110
164 101011101100110000111 011000101111000111111
165 101100010100000000100 011001001110100010000
166 101100111100000000101 011001101100111101111
167 101101100100101111110 011010001010011010011
168 101110001110001100011 011010100110110110010
169 101110111000010100111 011011000010010000100
170 101111100011000111101 011011011100101000001
171 110000001110100010111 011011110101111011111
172 110000111010100101001 011100001110001011001
173 110001100111001100101 011100100101010100101
174 110010010100010111100 011100111011010111101
175 110011000010000100010 011101010000010011001
176 110011110000010001000 011101100100000110101
177 110100011110111011111 011101110110110001001
178 110101001110000011010 011110001000010010000
179 110101111101100101001 011110011000101000100
180 110110101101011111111 011110100111110100000
181 110111011101110001100 011110110101110011111
182 111000001110011000001 011111000010100111111
183 111000111111010010000 011111001110001111001
184 111001110000011101001 011111011000101001011
185 111010100001110111110 011111100001110110010
186 111011010011011111110 011111101001110101010
187 111100000101010011011 011111110000100110001
188 111100110111010000110 011111110110001000110
189 111101101001010101110 011111111010011100110
190 111110011011100000101 011111111101100010000
191 111111001101101111011 011111111111011000011
192 000000000000000000000 011111111111111111111
